(()=>{var n,e,t,i,a,o,r,l,s,c,f,u,p,_,h,d,v,m,g,w,b,I,P,T,S,C,k,D,q,R,O,M,L,E,N,F,j,H,U,V,B,G,X,J,Y,Z,W,K,Q,nn,en,tn,an,on,rn,ln,sn,cn,fn,un,pn,_n,hn,dn,vn,mn,xn,gn,yn,wn,bn,In,Pn,zn,Tn,Sn,Cn,An,kn,Dn,qn,Rn,On,Mn,Ln,En,Nn,Fn,jn,Hn,Un,Vn,Bn,Gn,Xn,Jn,$n,Yn,Zn,Wn,Kn,Qn,ne,ee,te,ie,ae,oe,re,le,se,ce,fe,ue,pe,_e,he,de,ve,me,xe,ge,ye,we,be,Ie,Pe,ze,Te,Se,Ce,Ae,ke,De,qe,Re,Oe,Me,Le,Ee,Ne,Fe,je,He,Ue,Ve,Be,Ge,Xe,Je,$e,Ye,Ze,We,Ke,Qe,nt,et,tt,it,at,ot,rt,lt,st,ct,ft,ut,pt,_t,ht,dt,vt,mt,xt,gt,yt,wt,bt,It,Pt,zt,Tt,St,Ct,At,kt,Dt,qt,Rt,Ot,Mt,Lt,Et,Nt,Ft,jt,Ht,Ut,Vt,Bt,Gt,Xt,Jt,$t,Yt,Zt,Wt,Kt,Qt,ni,ei,ti,ii,ai,oi,ri,li,si,ci,fi,ui,pi,_i,hi,di,vi,mi,xi={6706:n=>{n.exports="precision lowp float;\n\nattribute vec2 offset;\nattribute vec2 uv;\nattribute vec3 center;\nattribute vec2 center_lonlat;\n\nuniform float current_time;\nuniform mat4 model;\nuniform mat4 inv_model;\n\nuniform vec2 ndc_to_clip;\nuniform float czf;\nuniform vec2 kernel_size;\n\nvarying vec2 out_uv;\nvarying vec3 out_p;\n\nconst float PI = 3.1415926535897932384626433832795;\n\nuniform int inversed_longitude;\n\nconst mat3 inverseLongitude = mat3(\n    -1.0, 0.0, 0.0,\n    0.0, 1.0, 0.0,\n    0.0, 0.0, 1.0\n);\n\nconst mat4 GAL2J2000 = mat4(\n    -0.4448296299195045,\n    0.7469822444763707,\n    0.4941094279435681,\n    0.0,\n\n    -0.1980763734646737,\n    0.4559837762325372,\n    -0.8676661489811610,\n    0.0,\n\n    -0.873437090247923,\n    -0.4838350155267381,\n    -0.0548755604024359,\n    0.0,\n\n    0.0,\n    0.0,\n    0.0,\n    1.0\n);\n\nconst mat4 J20002GAL = mat4(\n    -0.4448296299195045,\n    -0.1980763734646737,\n    -0.873437090247923,\n    0.0,\n\n    0.7469822444763707,\n    0.4559837762325372,\n    -0.4838350155267381,\n    0.0,\n\n    0.4941094279435681,\n    -0.8676661489811610,\n    -0.0548755604024359,\n    0.0,\n\n    0.0,\n    0.0,\n    0.0,\n    1.0\n);\n\nvec3 check_inversed_longitude(vec3 p) {\n    if (inversed_longitude == 1) {\n        return inverseLongitude * p;\n    } else {\n        return p;\n    }\n}\n\nvec2 world2clip_orthographic(vec3 p) {\n    return vec2(p.x, p.y);\n}\n\nvec2 world2clip_aitoff(vec3 p) {\n    float delta = asin(p.y);\n    float theta = atan(p.x, p.z);\n\n    float theta_by_two = theta * 0.5;\n\n    float alpha = acos(cos(delta)*cos(theta_by_two));\n    float inv_sinc_alpha = 1.0;\n    if (alpha > 1e-3) {\n        inv_sinc_alpha = alpha / sin(alpha);\n    }\n\n    // The minus is an astronomical convention.\n    // longitudes are increasing from right to left\n    float x = 2.0 * inv_sinc_alpha * cos(delta) * sin(theta_by_two);\n    float y = inv_sinc_alpha * sin(delta);\n\n    return vec2(x / PI, y / PI);\n}\n\nconst int max_iter = 10;\nvec2 world2clip_mollweide(vec3 p) {\n    // X in [-1, 1]\n    // Y in [-1/2; 1/2] and scaled by the screen width/height ratio\n    float delta = asin(p.y);\n    float theta = atan(p.x, p.z);\n\n    float cst = PI * sin(delta);\n\n    float phi = delta;\n    float f = phi + sin(phi) - cst;\n\n    int k = 0;\n    for (int k = 0; k < max_iter; k++) {\n        phi = phi - f / (1.0 + cos(phi));\n        f = phi + sin(phi) - cst;\n\n        if (abs(f) <= 1e-6) {\n            break;\n        }\n    }\n\n    phi = phi * 0.5;\n\n    // The minus is an astronomical convention.\n    // longitudes are increasing from right to left\n    float x = (theta / PI) * cos(phi);\n    float y = 0.5 * sin(phi);\n\n    return vec2(x, y);\n}\n\nfloat asinh(float x) {\n    return log(x + sqrt(x*x + 1.0));\n}\nvec2 world2clip_mercator(vec3 p) {\n    // X in [-1, 1]\n    // Y in [-1/2; 1/2] and scaled by the screen width/height ratio\n\n    float delta = asin(p.y);\n    float theta = atan(p.x, p.z);\n\n    float x = theta / PI;\n    float y = asinh(tan(delta / PI));\n\n    return vec2(x, y);\n}\n\nfloat arc_sinc(float x) {\n    if (x > 1e-4) {\n        return asin(x) / x;\n    } else {\n        // If a is mall, use Taylor expension of asin(a) / a\n        // a = 1e-4 => a^4 = 1.e-16\n        float x2 = x*x;\n        return 1.0 + x2 * (1.0 + x2 * 9.0 / 20.0) / 6.0;\n    }\n}\n\nvec2 world2clip_arc(vec3 p) {\n    if (p.z > -1.0) {\n        // Distance in the Euclidean plane (xy)\n        // Angular distance is acos(x), but for small separation, asin(r)\n        // is more accurate.\n        float r = length(p.xy);\n        if (p.z > 0.0) { // Angular distance < PI/2, angular distance = asin(r)\n            r = arc_sinc(r);\n        } else { // Angular distance > PI/2, angular distance = acos(x)\n            r = acos(p.z) / r;\n        }\n        float x = p.x * r;\n        float y = p.y * r;\n\n        return vec2(x / PI, y / PI);\n    } else {\n        return vec2(1.0, 0.0);\n    }\n}\n\nvec2 world2clip_gnomonic(vec3 p) {\n    if (p.z <= 1e-2) { // Back hemisphere (x < 0) + diverges near x=0\n        return vec2(1.0, 0.0);\n    } else {\n        return vec2((p.x/p.z) / PI , (p.y/p.z) / PI);\n    }\n}\n\nvoid main() {\n    vec3 p = vec3(inv_model * vec4(center, 1.0));\n    p = check_inversed_longitude(p);\n\n    vec2 center_pos_clip_space = world2clip_aitoff(p);\n\n    vec2 pos_clip_space = center_pos_clip_space;\n    gl_Position = vec4((pos_clip_space / (ndc_to_clip * czf)) + offset * kernel_size , 0.0, 1.0);\n\n    out_uv = uv;\n    out_p = p;\n}"},1682:n=>{n.exports="precision lowp float;\nattribute vec2 offset;\nattribute vec2 uv;\nattribute vec3 center;\nattribute vec2 center_lonlat;\n\nuniform float current_time;\nuniform mat4 inv_model;\n\nuniform vec2 ndc_to_clip;\nuniform float czf;\nuniform vec2 kernel_size;\n\nvarying vec2 out_uv;\nvarying vec3 out_p;\n\nconst float PI = 3.1415926535897932384626433832795;\n\nuniform int inversed_longitude;\n\nconst mat3 inverseLongitude = mat3(\n    -1.0, 0.0, 0.0,\n    0.0, 1.0, 0.0,\n    0.0, 0.0, 1.0\n);\n\nconst mat4 GAL2J2000 = mat4(\n    -0.4448296299195045,\n    0.7469822444763707,\n    0.4941094279435681,\n    0.0,\n\n    -0.1980763734646737,\n    0.4559837762325372,\n    -0.8676661489811610,\n    0.0,\n\n    -0.873437090247923,\n    -0.4838350155267381,\n    -0.0548755604024359,\n    0.0,\n\n    0.0,\n    0.0,\n    0.0,\n    1.0\n);\n\nconst mat4 J20002GAL = mat4(\n    -0.4448296299195045,\n    -0.1980763734646737,\n    -0.873437090247923,\n    0.0,\n\n    0.7469822444763707,\n    0.4559837762325372,\n    -0.4838350155267381,\n    0.0,\n\n    0.4941094279435681,\n    -0.8676661489811610,\n    -0.0548755604024359,\n    0.0,\n\n    0.0,\n    0.0,\n    0.0,\n    1.0\n);\n\nvec3 check_inversed_longitude(vec3 p) {\n    if (inversed_longitude == 1) {\n        return inverseLongitude * p;\n    } else {\n        return p;\n    }\n}\n\nvec2 world2clip_orthographic(vec3 p) {\n    return vec2(p.x, p.y);\n}\n\nvec2 world2clip_aitoff(vec3 p) {\n    float delta = asin(p.y);\n    float theta = atan(p.x, p.z);\n\n    float theta_by_two = theta * 0.5;\n\n    float alpha = acos(cos(delta)*cos(theta_by_two));\n    float inv_sinc_alpha = 1.0;\n    if (alpha > 1e-3) {\n        inv_sinc_alpha = alpha / sin(alpha);\n    }\n\n    // The minus is an astronomical convention.\n    // longitudes are increasing from right to left\n    float x = 2.0 * inv_sinc_alpha * cos(delta) * sin(theta_by_two);\n    float y = inv_sinc_alpha * sin(delta);\n\n    return vec2(x / PI, y / PI);\n}\n\nconst int max_iter = 10;\nvec2 world2clip_mollweide(vec3 p) {\n    // X in [-1, 1]\n    // Y in [-1/2; 1/2] and scaled by the screen width/height ratio\n    float delta = asin(p.y);\n    float theta = atan(p.x, p.z);\n\n    float cst = PI * sin(delta);\n\n    float phi = delta;\n    float f = phi + sin(phi) - cst;\n\n    int k = 0;\n    for (int k = 0; k < max_iter; k++) {\n        phi = phi - f / (1.0 + cos(phi));\n        f = phi + sin(phi) - cst;\n\n        if (abs(f) <= 1e-6) {\n            break;\n        }\n    }\n\n    phi = phi * 0.5;\n\n    // The minus is an astronomical convention.\n    // longitudes are increasing from right to left\n    float x = (theta / PI) * cos(phi);\n    float y = 0.5 * sin(phi);\n\n    return vec2(x, y);\n}\n\nfloat asinh(float x) {\n    return log(x + sqrt(x*x + 1.0));\n}\nvec2 world2clip_mercator(vec3 p) {\n    // X in [-1, 1]\n    // Y in [-1/2; 1/2] and scaled by the screen width/height ratio\n\n    float delta = asin(p.y);\n    float theta = atan(p.x, p.z);\n\n    float x = theta / PI;\n    float y = asinh(tan(delta / PI));\n\n    return vec2(x, y);\n}\n\nfloat arc_sinc(float x) {\n    if (x > 1e-4) {\n        return asin(x) / x;\n    } else {\n        // If a is mall, use Taylor expension of asin(a) / a\n        // a = 1e-4 => a^4 = 1.e-16\n        float x2 = x*x;\n        return 1.0 + x2 * (1.0 + x2 * 9.0 / 20.0) / 6.0;\n    }\n}\n\nvec2 world2clip_arc(vec3 p) {\n    if (p.z > -1.0) {\n        // Distance in the Euclidean plane (xy)\n        // Angular distance is acos(x), but for small separation, asin(r)\n        // is more accurate.\n        float r = length(p.xy);\n        if (p.z > 0.0) { // Angular distance < PI/2, angular distance = asin(r)\n            r = arc_sinc(r);\n        } else { // Angular distance > PI/2, angular distance = acos(x)\n            r = acos(p.z) / r;\n        }\n        float x = p.x * r;\n        float y = p.y * r;\n\n        return vec2(x / PI, y / PI);\n    } else {\n        return vec2(1.0, 0.0);\n    }\n}\n\nvec2 world2clip_gnomonic(vec3 p) {\n    if (p.z <= 1e-2) { // Back hemisphere (x < 0) + diverges near x=0\n        return vec2(1.0, 0.0);\n    } else {\n        return vec2((p.x/p.z) / PI , (p.y/p.z) / PI);\n    }\n}\n\nvoid main() {\n    vec3 p = vec3(inv_model * vec4(center, 1.0));\n    p = check_inversed_longitude(p);\n\n    vec2 center_pos_clip_space = world2clip_arc(p);\n\n    vec2 pos_clip_space = center_pos_clip_space;\n    gl_Position = vec4((pos_clip_space / (ndc_to_clip * czf)) + offset * kernel_size , 0.0, 1.0);\n\n    out_uv = uv;\n    out_p = p;\n}"},7776:n=>{n.exports="precision lowp float;\n\nvarying vec2 out_uv;\nvarying vec3 out_p;\n\nuniform sampler2D kernel_texture;\nuniform float fov;\nuniform float strength;\nvoid main() {\n    vec4 color = texture2D(kernel_texture, out_uv) / max(log2(fov*100.0), 1.0);\n    color.r *= strength;\n\n    gl_FragColor = color;\n}"},7263:n=>{n.exports="precision lowp float;\n\nattribute vec2 offset;\nattribute in vec2 uv;\nattribute in vec3 center;\nattribute in vec2 center_lonlat;\n\nuniform float current_time;\nuniform mat4 inv_model;\n\nuniform vec2 ndc_to_clip;\nuniform float czf;\nuniform vec2 kernel_size;\n\nvarying vec2 out_uv;\nvarying vec3 out_p;\n\nconst float PI = 3.1415926535897932384626433832795;\n\nuniform int inversed_longitude;\n\nconst mat3 inverseLongitude = mat3(\n    -1.0, 0.0, 0.0,\n    0.0, 1.0, 0.0,\n    0.0, 0.0, 1.0\n);\n\nconst mat4 GAL2J2000 = mat4(\n    -0.4448296299195045,\n    0.7469822444763707,\n    0.4941094279435681,\n    0.0,\n\n    -0.1980763734646737,\n    0.4559837762325372,\n    -0.8676661489811610,\n    0.0,\n\n    -0.873437090247923,\n    -0.4838350155267381,\n    -0.0548755604024359,\n    0.0,\n\n    0.0,\n    0.0,\n    0.0,\n    1.0\n);\n\nconst mat4 J20002GAL = mat4(\n    -0.4448296299195045,\n    -0.1980763734646737,\n    -0.873437090247923,\n    0.0,\n\n    0.7469822444763707,\n    0.4559837762325372,\n    -0.4838350155267381,\n    0.0,\n\n    0.4941094279435681,\n    -0.8676661489811610,\n    -0.0548755604024359,\n    0.0,\n\n    0.0,\n    0.0,\n    0.0,\n    1.0\n);\n\nvec3 check_inversed_longitude(vec3 p) {\n    if (inversed_longitude == 1) {\n        return inverseLongitude * p;\n    } else {\n        return p;\n    }\n}\n\nvec2 world2clip_orthographic(vec3 p) {\n    return vec2(p.x, p.y);\n}\n\nvec2 world2clip_aitoff(vec3 p) {\n    float delta = asin(p.y);\n    float theta = atan(p.x, p.z);\n\n    float theta_by_two = theta * 0.5;\n\n    float alpha = acos(cos(delta)*cos(theta_by_two));\n    float inv_sinc_alpha = 1.0;\n    if (alpha > 1e-3) {\n        inv_sinc_alpha = alpha / sin(alpha);\n    }\n\n    // The minus is an astronomical convention.\n    // longitudes are increasing from right to left\n    float x = 2.0 * inv_sinc_alpha * cos(delta) * sin(theta_by_two);\n    float y = inv_sinc_alpha * sin(delta);\n\n    return vec2(x / PI, y / PI);\n}\n\nconst int max_iter = 10;\nvec2 world2clip_mollweide(vec3 p) {\n    // X in [-1, 1]\n    // Y in [-1/2; 1/2] and scaled by the screen width/height ratio\n    float delta = asin(p.y);\n    float theta = atan(p.x, p.z);\n\n    float cst = PI * sin(delta);\n\n    float phi = delta;\n    float f = phi + sin(phi) - cst;\n\n    int k = 0;\n    for (int k = 0; k < max_iter; k++) {\n        phi = phi - f / (1.0 + cos(phi));\n        f = phi + sin(phi) - cst;\n\n        if (abs(f) <= 1e-6) {\n            break;\n        }\n    }\n\n    phi = phi * 0.5;\n\n    // The minus is an astronomical convention.\n    // longitudes are increasing from right to left\n    float x = (theta / PI) * cos(phi);\n    float y = 0.5 * sin(phi);\n\n    return vec2(x, y);\n}\n\nfloat asinh(float x) {\n    return log(x + sqrt(x*x + 1.0));\n}\nvec2 world2clip_mercator(vec3 p) {\n    // X in [-1, 1]\n    // Y in [-1/2; 1/2] and scaled by the screen width/height ratio\n\n    float delta = asin(p.y);\n    float theta = atan(p.x, p.z);\n\n    float x = theta / PI;\n    float y = asinh(tan(delta / PI));\n\n    return vec2(x, y);\n}\n\nfloat arc_sinc(float x) {\n    if (x > 1e-4) {\n        return asin(x) / x;\n    } else {\n        // If a is mall, use Taylor expension of asin(a) / a\n        // a = 1e-4 => a^4 = 1.e-16\n        float x2 = x*x;\n        return 1.0 + x2 * (1.0 + x2 * 9.0 / 20.0) / 6.0;\n    }\n}\n\nvec2 world2clip_arc(vec3 p) {\n    if (p.z > -1.0) {\n        // Distance in the Euclidean plane (xy)\n        // Angular distance is acos(x), but for small separation, asin(r)\n        // is more accurate.\n        float r = length(p.xy);\n        if (p.z > 0.0) { // Angular distance < PI/2, angular distance = asin(r)\n            r = arc_sinc(r);\n        } else { // Angular distance > PI/2, angular distance = acos(x)\n            r = acos(p.z) / r;\n        }\n        float x = p.x * r;\n        float y = p.y * r;\n\n        return vec2(x / PI, y / PI);\n    } else {\n        return vec2(1.0, 0.0);\n    }\n}\n\nvec2 world2clip_gnomonic(vec3 p) {\n    if (p.z <= 1e-2) { // Back hemisphere (x < 0) + diverges near x=0\n        return vec2(1.0, 0.0);\n    } else {\n        return vec2((p.x/p.z) / PI , (p.y/p.z) / PI);\n    }\n}\n\nvoid main() {\n    vec3 p = vec3(inv_model * vec4(center, 1.0));\n    p = check_inversed_longitude(p);\n\n    vec2 center_pos_clip_space = world2clip_mercator(p);\n\n    vec2 pos_clip_space = center_pos_clip_space;\n    gl_Position = vec4((pos_clip_space / (ndc_to_clip * czf)) + offset * kernel_size , 0.0, 1.0);\n\n    out_uv = uv;\n    out_p = p;\n}"},2860:n=>{n.exports="precision lowp float;\nattribute vec2 offset;\nattribute vec2 uv;\nattribute vec3 center;\nattribute vec2 center_lonlat;\n\nuniform float current_time;\nuniform mat4 inv_model;\n\nuniform vec2 ndc_to_clip;\nuniform float czf;\nuniform vec2 kernel_size;\n\nout vec2 out_uv;\nout vec3 out_p;\n\nconst float PI = 3.1415926535897932384626433832795;\n\nuniform int inversed_longitude;\n\nconst mat3 inverseLongitude = mat3(\n    -1.0, 0.0, 0.0,\n    0.0, 1.0, 0.0,\n    0.0, 0.0, 1.0\n);\n\nconst mat4 GAL2J2000 = mat4(\n    -0.4448296299195045,\n    0.7469822444763707,\n    0.4941094279435681,\n    0.0,\n\n    -0.1980763734646737,\n    0.4559837762325372,\n    -0.8676661489811610,\n    0.0,\n\n    -0.873437090247923,\n    -0.4838350155267381,\n    -0.0548755604024359,\n    0.0,\n\n    0.0,\n    0.0,\n    0.0,\n    1.0\n);\n\nconst mat4 J20002GAL = mat4(\n    -0.4448296299195045,\n    -0.1980763734646737,\n    -0.873437090247923,\n    0.0,\n\n    0.7469822444763707,\n    0.4559837762325372,\n    -0.4838350155267381,\n    0.0,\n\n    0.4941094279435681,\n    -0.8676661489811610,\n    -0.0548755604024359,\n    0.0,\n\n    0.0,\n    0.0,\n    0.0,\n    1.0\n);\n\nvec3 check_inversed_longitude(vec3 p) {\n    if (inversed_longitude == 1) {\n        return inverseLongitude * p;\n    } else {\n        return p;\n    }\n}\n\nvec2 world2clip_orthographic(vec3 p) {\n    return vec2(p.x, p.y);\n}\n\nvec2 world2clip_aitoff(vec3 p) {\n    float delta = asin(p.y);\n    float theta = atan(p.x, p.z);\n\n    float theta_by_two = theta * 0.5;\n\n    float alpha = acos(cos(delta)*cos(theta_by_two));\n    float inv_sinc_alpha = 1.0;\n    if (alpha > 1e-3) {\n        inv_sinc_alpha = alpha / sin(alpha);\n    }\n\n    // The minus is an astronomical convention.\n    // longitudes are increasing from right to left\n    float x = 2.0 * inv_sinc_alpha * cos(delta) * sin(theta_by_two);\n    float y = inv_sinc_alpha * sin(delta);\n\n    return vec2(x / PI, y / PI);\n}\n\nconst int max_iter = 10;\nvec2 world2clip_mollweide(vec3 p) {\n    // X in [-1, 1]\n    // Y in [-1/2; 1/2] and scaled by the screen width/height ratio\n    float delta = asin(p.y);\n    float theta = atan(p.x, p.z);\n\n    float cst = PI * sin(delta);\n\n    float phi = delta;\n    float f = phi + sin(phi) - cst;\n\n    int k = 0;\n    for (int k = 0; k < max_iter; k++) {\n        phi = phi - f / (1.0 + cos(phi));\n        f = phi + sin(phi) - cst;\n\n        if (abs(f) <= 1e-6) {\n            break;\n        }\n    }\n\n    phi = phi * 0.5;\n\n    // The minus is an astronomical convention.\n    // longitudes are increasing from right to left\n    float x = (theta / PI) * cos(phi);\n    float y = 0.5 * sin(phi);\n\n    return vec2(x, y);\n}\n\nfloat asinh(float x) {\n    return log(x + sqrt(x*x + 1.0));\n}\nvec2 world2clip_mercator(vec3 p) {\n    // X in [-1, 1]\n    // Y in [-1/2; 1/2] and scaled by the screen width/height ratio\n\n    float delta = asin(p.y);\n    float theta = atan(p.x, p.z);\n\n    float x = theta / PI;\n    float y = asinh(tan(delta / PI));\n\n    return vec2(x, y);\n}\n\nfloat arc_sinc(float x) {\n    if (x > 1e-4) {\n        return asin(x) / x;\n    } else {\n        // If a is mall, use Taylor expension of asin(a) / a\n        // a = 1e-4 => a^4 = 1.e-16\n        float x2 = x*x;\n        return 1.0 + x2 * (1.0 + x2 * 9.0 / 20.0) / 6.0;\n    }\n}\n\nvec2 world2clip_arc(vec3 p) {\n    if (p.z > -1.0) {\n        // Distance in the Euclidean plane (xy)\n        // Angular distance is acos(x), but for small separation, asin(r)\n        // is more accurate.\n        float r = length(p.xy);\n        if (p.z > 0.0) { // Angular distance < PI/2, angular distance = asin(r)\n            r = arc_sinc(r);\n        } else { // Angular distance > PI/2, angular distance = acos(x)\n            r = acos(p.z) / r;\n        }\n        float x = p.x * r;\n        float y = p.y * r;\n\n        return vec2(x / PI, y / PI);\n    } else {\n        return vec2(1.0, 0.0);\n    }\n}\n\nvec2 world2clip_gnomonic(vec3 p) {\n    if (p.z <= 1e-2) { // Back hemisphere (x < 0) + diverges near x=0\n        return vec2(1.0, 0.0);\n    } else {\n        return vec2((p.x/p.z) / PI , (p.y/p.z) / PI);\n    }\n}\n\nvoid main() {\n    vec3 p = vec3(inv_model * vec4(center, 1.0));\n    p = check_inversed_longitude(p);\n\n    vec2 center_pos_clip_space = world2clip_mollweide(p);\n\n    vec2 pos_clip_space = center_pos_clip_space;\n    gl_Position = vec4((pos_clip_space / (ndc_to_clip * czf)) + offset * kernel_size , 0.0, 1.0);\n\n    out_uv = uv;\n    out_p = p;\n}"},3380:n=>{n.exports="precision lowp float;\n\nvarying vec2 out_uv;\nvarying vec3 out_p;\n\nuniform sampler2D kernel_texture;\nuniform float fov;\nuniform float strength;\nvoid main() {\n    if (out_p.z < 0.0) {\n        discard;\n    }\n\n    vec4 color = texture2D(kernel_texture, out_uv).rgba / max(log2(fov*100.0), 1.0);\n    color.r *= strength;\n\n    gl_FragColor = color;\n}"},6496:n=>{n.exports="precision lowp float;\nattribute vec2 offset;\nattribute vec2 uv;\nattribute vec3 center;\nattribute vec2 center_lonlat;\n\nuniform float current_time;\nuniform mat4 inv_model;\n\nuniform vec2 ndc_to_clip;\nuniform float czf;\nuniform vec2 kernel_size;\n\nvarying vec2 out_uv;\nvarying vec3 out_p;\n\nconst float PI = 3.1415926535897932384626433832795;\n\nuniform int inversed_longitude;\n\nconst mat3 inverseLongitude = mat3(\n    -1.0, 0.0, 0.0,\n    0.0, 1.0, 0.0,\n    0.0, 0.0, 1.0\n);\n\nconst mat4 GAL2J2000 = mat4(\n    -0.4448296299195045,\n    0.7469822444763707,\n    0.4941094279435681,\n    0.0,\n\n    -0.1980763734646737,\n    0.4559837762325372,\n    -0.8676661489811610,\n    0.0,\n\n    -0.873437090247923,\n    -0.4838350155267381,\n    -0.0548755604024359,\n    0.0,\n\n    0.0,\n    0.0,\n    0.0,\n    1.0\n);\n\nconst mat4 J20002GAL = mat4(\n    -0.4448296299195045,\n    -0.1980763734646737,\n    -0.873437090247923,\n    0.0,\n\n    0.7469822444763707,\n    0.4559837762325372,\n    -0.4838350155267381,\n    0.0,\n\n    0.4941094279435681,\n    -0.8676661489811610,\n    -0.0548755604024359,\n    0.0,\n\n    0.0,\n    0.0,\n    0.0,\n    1.0\n);\n\nvec3 check_inversed_longitude(vec3 p) {\n    if (inversed_longitude == 1) {\n        return inverseLongitude * p;\n    } else {\n        return p;\n    }\n}\n\nvec2 world2clip_orthographic(vec3 p) {\n    return vec2(p.x, p.y);\n}\n\nvec2 world2clip_aitoff(vec3 p) {\n    float delta = asin(p.y);\n    float theta = atan(p.x, p.z);\n\n    float theta_by_two = theta * 0.5;\n\n    float alpha = acos(cos(delta)*cos(theta_by_two));\n    float inv_sinc_alpha = 1.0;\n    if (alpha > 1e-3) {\n        inv_sinc_alpha = alpha / sin(alpha);\n    }\n\n    // The minus is an astronomical convention.\n    // longitudes are increasing from right to left\n    float x = 2.0 * inv_sinc_alpha * cos(delta) * sin(theta_by_two);\n    float y = inv_sinc_alpha * sin(delta);\n\n    return vec2(x / PI, y / PI);\n}\n\nconst int max_iter = 10;\nvec2 world2clip_mollweide(vec3 p) {\n    // X in [-1, 1]\n    // Y in [-1/2; 1/2] and scaled by the screen width/height ratio\n    float delta = asin(p.y);\n    float theta = atan(p.x, p.z);\n\n    float cst = PI * sin(delta);\n\n    float phi = delta;\n    float f = phi + sin(phi) - cst;\n\n    int k = 0;\n    for (int k = 0; k < max_iter; k++) {\n        phi = phi - f / (1.0 + cos(phi));\n        f = phi + sin(phi) - cst;\n\n        if (abs(f) <= 1e-6) {\n            break;\n        }\n    }\n\n    phi = phi * 0.5;\n\n    // The minus is an astronomical convention.\n    // longitudes are increasing from right to left\n    float x = (theta / PI) * cos(phi);\n    float y = 0.5 * sin(phi);\n\n    return vec2(x, y);\n}\n\nfloat asinh(float x) {\n    return log(x + sqrt(x*x + 1.0));\n}\nvec2 world2clip_mercator(vec3 p) {\n    // X in [-1, 1]\n    // Y in [-1/2; 1/2] and scaled by the screen width/height ratio\n\n    float delta = asin(p.y);\n    float theta = atan(p.x, p.z);\n\n    float x = theta / PI;\n    float y = asinh(tan(delta / PI));\n\n    return vec2(x, y);\n}\n\nfloat arc_sinc(float x) {\n    if (x > 1e-4) {\n        return asin(x) / x;\n    } else {\n        // If a is mall, use Taylor expension of asin(a) / a\n        // a = 1e-4 => a^4 = 1.e-16\n        float x2 = x*x;\n        return 1.0 + x2 * (1.0 + x2 * 9.0 / 20.0) / 6.0;\n    }\n}\n\nvec2 world2clip_arc(vec3 p) {\n    if (p.z > -1.0) {\n        // Distance in the Euclidean plane (xy)\n        // Angular distance is acos(x), but for small separation, asin(r)\n        // is more accurate.\n        float r = length(p.xy);\n        if (p.z > 0.0) { // Angular distance < PI/2, angular distance = asin(r)\n            r = arc_sinc(r);\n        } else { // Angular distance > PI/2, angular distance = acos(x)\n            r = acos(p.z) / r;\n        }\n        float x = p.x * r;\n        float y = p.y * r;\n\n        return vec2(x / PI, y / PI);\n    } else {\n        return vec2(1.0, 0.0);\n    }\n}\n\nvec2 world2clip_gnomonic(vec3 p) {\n    if (p.z <= 1e-2) { // Back hemisphere (x < 0) + diverges near x=0\n        return vec2(1.0, 0.0);\n    } else {\n        return vec2((p.x/p.z) / PI , (p.y/p.z) / PI);\n    }\n}\n\nvoid main() {\n    vec3 p = vec3(inv_model * vec4(center, 1.0));\n    p = check_inversed_longitude(p);\n\n    vec2 center_pos_clip_space = world2clip_orthographic(p);\n\n    vec2 pos_clip_space = center_pos_clip_space;\n    gl_Position = vec4((pos_clip_space / (ndc_to_clip * czf)) + offset * kernel_size , 0.0, 1.0);\n\n    out_uv = uv;\n    out_p = p;\n}"},5126:n=>{n.exports="precision lowp float;\n\nattribute vec2 offset;\nattribute vec2 uv;\nattribute vec3 center;\nattribute vec2 center_lonlat;\n\nuniform float current_time;\nuniform mat4 inv_model;\n\nuniform vec2 ndc_to_clip;\nuniform float czf;\nuniform vec2 kernel_size;\n\nvarying vec2 out_uv;\nvarying vec3 out_p;\n\nconst float PI = 3.1415926535897932384626433832795;\n\nuniform int inversed_longitude;\n\nconst mat3 inverseLongitude = mat3(\n    -1.0, 0.0, 0.0,\n    0.0, 1.0, 0.0,\n    0.0, 0.0, 1.0\n);\n\nconst mat4 GAL2J2000 = mat4(\n    -0.4448296299195045,\n    0.7469822444763707,\n    0.4941094279435681,\n    0.0,\n\n    -0.1980763734646737,\n    0.4559837762325372,\n    -0.8676661489811610,\n    0.0,\n\n    -0.873437090247923,\n    -0.4838350155267381,\n    -0.0548755604024359,\n    0.0,\n\n    0.0,\n    0.0,\n    0.0,\n    1.0\n);\n\nconst mat4 J20002GAL = mat4(\n    -0.4448296299195045,\n    -0.1980763734646737,\n    -0.873437090247923,\n    0.0,\n\n    0.7469822444763707,\n    0.4559837762325372,\n    -0.4838350155267381,\n    0.0,\n\n    0.4941094279435681,\n    -0.8676661489811610,\n    -0.0548755604024359,\n    0.0,\n\n    0.0,\n    0.0,\n    0.0,\n    1.0\n);\n\nvec3 check_inversed_longitude(vec3 p) {\n    if (inversed_longitude == 1) {\n        return inverseLongitude * p;\n    } else {\n        return p;\n    }\n}\n\nvec2 world2clip_orthographic(vec3 p) {\n    return vec2(p.x, p.y);\n}\n\nvec2 world2clip_aitoff(vec3 p) {\n    float delta = asin(p.y);\n    float theta = atan(p.x, p.z);\n\n    float theta_by_two = theta * 0.5;\n\n    float alpha = acos(cos(delta)*cos(theta_by_two));\n    float inv_sinc_alpha = 1.0;\n    if (alpha > 1e-3) {\n        inv_sinc_alpha = alpha / sin(alpha);\n    }\n\n    // The minus is an astronomical convention.\n    // longitudes are increasing from right to left\n    float x = 2.0 * inv_sinc_alpha * cos(delta) * sin(theta_by_two);\n    float y = inv_sinc_alpha * sin(delta);\n\n    return vec2(x / PI, y / PI);\n}\n\nconst int max_iter = 10;\nvec2 world2clip_mollweide(vec3 p) {\n    // X in [-1, 1]\n    // Y in [-1/2; 1/2] and scaled by the screen width/height ratio\n    float delta = asin(p.y);\n    float theta = atan(p.x, p.z);\n\n    float cst = PI * sin(delta);\n\n    float phi = delta;\n    float f = phi + sin(phi) - cst;\n\n    int k = 0;\n    for (int k = 0; k < max_iter; k++) {\n        phi = phi - f / (1.0 + cos(phi));\n        f = phi + sin(phi) - cst;\n\n        if (abs(f) <= 1e-6) {\n            break;\n        }\n    }\n\n    phi = phi * 0.5;\n\n    // The minus is an astronomical convention.\n    // longitudes are increasing from right to left\n    float x = (theta / PI) * cos(phi);\n    float y = 0.5 * sin(phi);\n\n    return vec2(x, y);\n}\n\nfloat asinh(float x) {\n    return log(x + sqrt(x*x + 1.0));\n}\nvec2 world2clip_mercator(vec3 p) {\n    // X in [-1, 1]\n    // Y in [-1/2; 1/2] and scaled by the screen width/height ratio\n\n    float delta = asin(p.y);\n    float theta = atan(p.x, p.z);\n\n    float x = theta / PI;\n    float y = asinh(tan(delta / PI));\n\n    return vec2(x, y);\n}\n\nfloat arc_sinc(float x) {\n    if (x > 1e-4) {\n        return asin(x) / x;\n    } else {\n        // If a is mall, use Taylor expension of asin(a) / a\n        // a = 1e-4 => a^4 = 1.e-16\n        float x2 = x*x;\n        return 1.0 + x2 * (1.0 + x2 * 9.0 / 20.0) / 6.0;\n    }\n}\n\nvec2 world2clip_arc(vec3 p) {\n    if (p.z > -1.0) {\n        // Distance in the Euclidean plane (xy)\n        // Angular distance is acos(x), but for small separation, asin(r)\n        // is more accurate.\n        float r = length(p.xy);\n        if (p.z > 0.0) { // Angular distance < PI/2, angular distance = asin(r)\n            r = arc_sinc(r);\n        } else { // Angular distance > PI/2, angular distance = acos(x)\n            r = acos(p.z) / r;\n        }\n        float x = p.x * r;\n        float y = p.y * r;\n\n        return vec2(x / PI, y / PI);\n    } else {\n        return vec2(1.0, 0.0);\n    }\n}\n\nvec2 world2clip_gnomonic(vec3 p) {\n    if (p.z <= 1e-2) { // Back hemisphere (x < 0) + diverges near x=0\n        return vec2(1.0, 0.0);\n    } else {\n        return vec2((p.x/p.z) / PI , (p.y/p.z) / PI);\n    }\n}\n\nvoid main() {\n    vec3 p = vec3(inv_model * vec4(center, 1.0));\n    p = check_inversed_longitude(p);\n\n    vec2 center_pos_clip_space = world2clip_gnomonic(p);\n\n    vec2 pos_clip_space = center_pos_clip_space;\n    gl_Position = vec4((pos_clip_space / (ndc_to_clip * czf)) + offset * kernel_size , 0.0, 1.0);\n\n    out_uv = uv;\n    out_p = p;\n}"},659:n=>{n.exports="precision lowp float;\nprecision lowp sampler2D;\n\nvarying vec2 out_uv;\n\nuniform sampler2D texture_fbo;\nuniform float alpha;\n\nuniform sampler2D colormaps;\nuniform int num_colormaps;\nuniform int colormap_id;\n// can be either 0 or 1\nuniform int reversed;\n\nvec4 colormap_f(float x) {\n    x = mix(x, 1.0 - x, float(reversed));\n    float id = (float(colormap_id) + 0.5) / float(num_colormaps);\n\n    return texture2D(colormaps, vec2(x, id));\n}\n\n\nvoid main() {\n    float opacity = texture2D(texture_fbo, out_uv).r;\n\n    float o = smoothstep(0.0, 0.1, opacity);\n\n    vec4 color = colormap_f(opacity);\n    color.a = o * alpha;\n\n    gl_FragColor = color;\n}"},8686:n=>{n.exports="precision lowp float;\nprecision lowp sampler2D;\n\nattribute vec2 position;\nattribute vec2 uv;\n\nvarying vec2 out_uv;\n\nvoid main() {\n    gl_Position = vec4(position, 0.0, 1.0);\n    out_uv = uv;\n}"},8010:n=>{n.exports="precision mediump float;\n\nvarying vec2 pos_clip;\n\nuniform vec4 color;\nuniform mat4 model;\nuniform mat4 to_icrs;\nuniform mat4 to_galactic;\nuniform mat4 inv_model;\nuniform float czf;\n\nuniform float meridians[20];\nuniform int num_meridians;\nuniform float parallels[10];\nuniform int num_parallels;\n\nuniform vec2 window_size;\n\nconst float PI = 3.1415926535897932384626433832795;\n\nuniform int inversed_longitude;\n\nconst mat3 inverseLongitude = mat3(\n    -1.0, 0.0, 0.0,\n    0.0, 1.0, 0.0,\n    0.0, 0.0, 1.0\n);\n\nconst mat4 GAL2J2000 = mat4(\n    -0.4448296299195045,\n    0.7469822444763707,\n    0.4941094279435681,\n    0.0,\n\n    -0.1980763734646737,\n    0.4559837762325372,\n    -0.8676661489811610,\n    0.0,\n\n    -0.873437090247923,\n    -0.4838350155267381,\n    -0.0548755604024359,\n    0.0,\n\n    0.0,\n    0.0,\n    0.0,\n    1.0\n);\n\nconst mat4 J20002GAL = mat4(\n    -0.4448296299195045,\n    -0.1980763734646737,\n    -0.873437090247923,\n    0.0,\n\n    0.7469822444763707,\n    0.4559837762325372,\n    -0.4838350155267381,\n    0.0,\n\n    0.4941094279435681,\n    -0.8676661489811610,\n    -0.0548755604024359,\n    0.0,\n\n    0.0,\n    0.0,\n    0.0,\n    1.0\n);\n\nvec3 check_inversed_longitude(vec3 p) {\n    if (inversed_longitude == 1) {\n        return inverseLongitude * p;\n    } else {\n        return p;\n    }\n}\n\nvec2 world2clip_orthographic(vec3 p) {\n    return vec2(p.x, p.y);\n}\n\nvec2 world2clip_aitoff(vec3 p) {\n    float delta = asin(p.y);\n    float theta = atan(p.x, p.z);\n\n    float theta_by_two = theta * 0.5;\n\n    float alpha = acos(cos(delta)*cos(theta_by_two));\n    float inv_sinc_alpha = 1.0;\n    if (alpha > 1e-3) {\n        inv_sinc_alpha = alpha / sin(alpha);\n    }\n\n    // The minus is an astronomical convention.\n    // longitudes are increasing from right to left\n    float x = 2.0 * inv_sinc_alpha * cos(delta) * sin(theta_by_two);\n    float y = inv_sinc_alpha * sin(delta);\n\n    return vec2(x / PI, y / PI);\n}\n\nconst int max_iter = 10;\nvec2 world2clip_mollweide(vec3 p) {\n    // X in [-1, 1]\n    // Y in [-1/2; 1/2] and scaled by the screen width/height ratio\n    float delta = asin(p.y);\n    float theta = atan(p.x, p.z);\n\n    float cst = PI * sin(delta);\n\n    float phi = delta;\n    float f = phi + sin(phi) - cst;\n\n    int k = 0;\n    for (int k = 0; k < max_iter; k++) {\n        phi = phi - f / (1.0 + cos(phi));\n        f = phi + sin(phi) - cst;\n\n        if (abs(f) <= 1e-6) {\n            break;\n        }\n    }\n\n    phi = phi * 0.5;\n\n    // The minus is an astronomical convention.\n    // longitudes are increasing from right to left\n    float x = (theta / PI) * cos(phi);\n    float y = 0.5 * sin(phi);\n\n    return vec2(x, y);\n}\n\nfloat asinh(float x) {\n    return log(x + sqrt(x*x + 1.0));\n}\nvec2 world2clip_mercator(vec3 p) {\n    // X in [-1, 1]\n    // Y in [-1/2; 1/2] and scaled by the screen width/height ratio\n\n    float delta = asin(p.y);\n    float theta = atan(p.x, p.z);\n\n    float x = theta / PI;\n    float y = asinh(tan(delta / PI));\n\n    return vec2(x, y);\n}\n\nfloat arc_sinc(float x) {\n    if (x > 1e-4) {\n        return asin(x) / x;\n    } else {\n        // If a is mall, use Taylor expension of asin(a) / a\n        // a = 1e-4 => a^4 = 1.e-16\n        float x2 = x*x;\n        return 1.0 + x2 * (1.0 + x2 * 9.0 / 20.0) / 6.0;\n    }\n}\n\nvec2 world2clip_arc(vec3 p) {\n    if (p.z > -1.0) {\n        // Distance in the Euclidean plane (xy)\n        // Angular distance is acos(x), but for small separation, asin(r)\n        // is more accurate.\n        float r = length(p.xy);\n        if (p.z > 0.0) { // Angular distance < PI/2, angular distance = asin(r)\n            r = arc_sinc(r);\n        } else { // Angular distance > PI/2, angular distance = acos(x)\n            r = acos(p.z) / r;\n        }\n        float x = p.x * r;\n        float y = p.y * r;\n\n        return vec2(x / PI, y / PI);\n    } else {\n        return vec2(1.0, 0.0);\n    }\n}\n\nvec2 world2clip_gnomonic(vec3 p) {\n    if (p.z <= 1e-2) { // Back hemisphere (x < 0) + diverges near x=0\n        return vec2(1.0, 0.0);\n    } else {\n        return vec2((p.x/p.z) / PI , (p.y/p.z) / PI);\n    }\n}\n\n\nbool is_included_inside_projection(vec2 pos_clip_space) {\n    float px2 = pos_clip_space.x * pos_clip_space.x;\n    float py2 = pos_clip_space.y * pos_clip_space.y;\n\n    return (px2 * 0.25 + py2) <= 0.25;\n}\n\n/// View to world space transformation\n/// \n/// This returns a normalized vector along its first 3 dimensions.\n/// Its fourth component is set to 1.\n/// \n/// The Aitoff projection maps screen coordinates from [-pi; pi] x [-pi/2; pi/2]\n/// \n/// # Arguments\n/// \n/// * `x` - in normalized device coordinates between [-1; 1]\n/// * `y` - in normalized device coordinates between [-1; 1]\nvec3 clip2world_aitoff(vec2 pos_clip_space) {\n    if(!is_included_inside_projection(pos_clip_space)) {\n        discard;\n    }\n\n    vec2 uv = vec2(pos_clip_space.x * PI * 0.5, pos_clip_space.y * PI);\n    //da uv a lat/lon\n    float c = length(uv);\n\n    float phi = asin(uv.y * sin(c) / c);\n    float theta = atan(uv.x * sin(c), c * cos(c)) * 2.0;\n\n    vec3 world = vec3(\n        sin(theta) * cos(phi),\n        sin(phi),\n        cos(theta) * cos(phi)\n    );\n    return world;\n}\n\nfloat d_isolon(vec3 pos_model, float theta) {\n    vec3 posmodel = pos_model;\n    vec3 n = vec3(cos(theta), 0.0, -sin(theta));\n    // Discard the (theta + PI) meridian\n    vec3 e_xz = vec3(-n.z, 0.0, n.x);\n    if (dot(posmodel, e_xz) < 0.0) {\n        return 1e3;\n    }\n\n    float d = abs(dot(n, posmodel));\n\n    vec3 h_model = normalize(posmodel - n*d);\n    vec3 h_world = vec3(inv_model * to_icrs * vec4(h_model, 1.0));\n    h_world = check_inversed_longitude(h_world);\n\n    // Project to screen x and h and compute the distance\n    // between the two\n    vec2 h_clip = world2clip_aitoff(h_world);\n    \n    return length(pos_clip - h_clip) * 2.0;\n}\nfloat d_isolat(vec3 pos_model, float delta) {\n    vec3 posmodel = pos_model;\n    float y = atan(posmodel.y, length(pos_model.xz));\n    float d = abs(y - delta);\n    return d;\n}\n\nfloat grid_alpha(vec3 p) {\n    float v = 1e10;\n    float delta = asin(p.y);\n    float theta = atan(p.x, p.z);\n\n    float m = 0.0;\n    float mdist = 10.0;\n    for (int i = 0; i < 20; i++) {\n        float tmp = meridians[i];\n        if (tmp > PI) {\n            tmp -= 2.0 * PI;\n        }\n        float d = abs(theta - tmp);\n        if (d < mdist) {\n            mdist = d;\n            m = tmp;\n        }\n        if(i == num_meridians - 1) {\n            break;\n        }\n    }\n\n    float par = 0.0;\n    float pdist = 10.0;\n    for (int i = 0; i < 10; i++) {\n        float d = abs(delta - parallels[i]);\n        if (d < pdist) {\n            pdist = d;\n            par = parallels[i];\n        }\n        if(i == num_parallels - 1) {\n            break;\n        }\n    }\n\n    /*float a = 0.0;\n    if (mdist < pdist) {\n        a = d_isolon(p, m);\n    } else {\n        a = d_isolat(p, par);\n    }\n    v = min(a, v);*/\n    v = min(d_isolon(p, m), v);\n    v = min(d_isolat(p, par), v);\n\n    float eps = 3.0 * czf / window_size.x;\n    return smoothstep(eps, 2.0*eps, v);\n}\n\nvoid main() {\n    vec4 transparency = vec4(0.0);\n\n    vec3 pos_world = clip2world_aitoff(pos_clip);\n    pos_world = check_inversed_longitude(pos_world);\n\n    vec3 pos_model = vec3(to_galactic * model * vec4(pos_world, 1.0));\n\n    float alpha = grid_alpha(pos_model);\n    vec4 color = mix(color, transparency, alpha);\n    gl_FragColor = color;\n}"},3845:n=>{n.exports="precision mediump float;\n\nvarying vec2 pos_clip;\n\nuniform vec4 color;\nuniform mat4 model;\nuniform mat4 inv_model;\nuniform mat4 to_icrs;\nuniform mat4 to_galactic;\nuniform float czf;\n\nuniform float meridians[20];\nuniform int num_meridians;\nuniform float parallels[10];\nuniform int num_parallels;\n\nuniform vec2 window_size;\n\nconst float PI = 3.1415926535897932384626433832795;\n\nuniform int inversed_longitude;\n\nconst mat3 inverseLongitude = mat3(\n    -1.0, 0.0, 0.0,\n    0.0, 1.0, 0.0,\n    0.0, 0.0, 1.0\n);\n\nconst mat4 GAL2J2000 = mat4(\n    -0.4448296299195045,\n    0.7469822444763707,\n    0.4941094279435681,\n    0.0,\n\n    -0.1980763734646737,\n    0.4559837762325372,\n    -0.8676661489811610,\n    0.0,\n\n    -0.873437090247923,\n    -0.4838350155267381,\n    -0.0548755604024359,\n    0.0,\n\n    0.0,\n    0.0,\n    0.0,\n    1.0\n);\n\nconst mat4 J20002GAL = mat4(\n    -0.4448296299195045,\n    -0.1980763734646737,\n    -0.873437090247923,\n    0.0,\n\n    0.7469822444763707,\n    0.4559837762325372,\n    -0.4838350155267381,\n    0.0,\n\n    0.4941094279435681,\n    -0.8676661489811610,\n    -0.0548755604024359,\n    0.0,\n\n    0.0,\n    0.0,\n    0.0,\n    1.0\n);\n\nvec3 check_inversed_longitude(vec3 p) {\n    if (inversed_longitude == 1) {\n        return inverseLongitude * p;\n    } else {\n        return p;\n    }\n}\n\nvec2 world2clip_orthographic(vec3 p) {\n    return vec2(p.x, p.y);\n}\n\nvec2 world2clip_aitoff(vec3 p) {\n    float delta = asin(p.y);\n    float theta = atan(p.x, p.z);\n\n    float theta_by_two = theta * 0.5;\n\n    float alpha = acos(cos(delta)*cos(theta_by_two));\n    float inv_sinc_alpha = 1.0;\n    if (alpha > 1e-3) {\n        inv_sinc_alpha = alpha / sin(alpha);\n    }\n\n    // The minus is an astronomical convention.\n    // longitudes are increasing from right to left\n    float x = 2.0 * inv_sinc_alpha * cos(delta) * sin(theta_by_two);\n    float y = inv_sinc_alpha * sin(delta);\n\n    return vec2(x / PI, y / PI);\n}\n\nconst int max_iter = 10;\nvec2 world2clip_mollweide(vec3 p) {\n    // X in [-1, 1]\n    // Y in [-1/2; 1/2] and scaled by the screen width/height ratio\n    float delta = asin(p.y);\n    float theta = atan(p.x, p.z);\n\n    float cst = PI * sin(delta);\n\n    float phi = delta;\n    float f = phi + sin(phi) - cst;\n\n    int k = 0;\n    for (int k = 0; k < max_iter; k++) {\n        phi = phi - f / (1.0 + cos