/******/ (() => { // webpackBootstrap
/******/ 	var __webpack_modules__ = ({

/***/ "./src/core/img/colormaps/colormaps.png":
/*!**********************************************!*\
  !*** ./src/core/img/colormaps/colormaps.png ***!
  \**********************************************/
/***/ ((__unused_webpack_module, __webpack_exports__, __webpack_require__) => {

"use strict";
__webpack_require__.r(__webpack_exports__);
/* harmony export */ __webpack_require__.d(__webpack_exports__, {
/* harmony export */   "default": () => (__WEBPACK_DEFAULT_EXPORT__)
/* harmony export */ });
/* harmony default export */ const __WEBPACK_DEFAULT_EXPORT__ = (__webpack_require__.p + "d51a99cc94312e8e9de793a5d67aa20e.png");

/***/ }),

/***/ "./src/core/img/kernel.png":
/*!*********************************!*\
  !*** ./src/core/img/kernel.png ***!
  \*********************************/
/***/ ((__unused_webpack_module, __webpack_exports__, __webpack_require__) => {

"use strict";
__webpack_require__.r(__webpack_exports__);
/* harmony export */ __webpack_require__.d(__webpack_exports__, {
/* harmony export */   "default": () => (__WEBPACK_DEFAULT_EXPORT__)
/* harmony export */ });
/* harmony default export */ const __WEBPACK_DEFAULT_EXPORT__ = (__webpack_require__.p + "ccdb93d24585bd08a4261722b95e9e3d.png");

/***/ }),

/***/ "./src/core/src/shaders/webgl1/catalogs/aitoff.vert":
/*!**********************************************************!*\
  !*** ./src/core/src/shaders/webgl1/catalogs/aitoff.vert ***!
  \**********************************************************/
/***/ ((module) => {

module.exports = "precision lowp float;\n\nattribute vec2 offset;\nattribute vec2 uv;\nattribute vec3 center;\n\nuniform float current_time;\nuniform mat4 model;\nuniform mat4 inv_model;\n\nuniform vec2 ndc_to_clip;\nuniform float czf;\nuniform vec2 kernel_size;\n\nvarying vec2 out_uv;\nvarying vec3 out_p;\n\nconst float PI = 3.1415926535897932384626433832795;\n\nuniform int inversed_longitude;\n\nconst mat3 inverseLongitude = mat3(\n    -1.0, 0.0, 0.0,\n    0.0, 1.0, 0.0,\n    0.0, 0.0, 1.0\n);\n\nconst mat4 GAL2J2000 = mat4(\n    -0.4448296299195045,\n    0.7469822444763707,\n    0.4941094279435681,\n    0.0,\n\n    -0.1980763734646737,\n    0.4559837762325372,\n    -0.8676661489811610,\n    0.0,\n\n    -0.873437090247923,\n    -0.4838350155267381,\n    -0.0548755604024359,\n    0.0,\n\n    0.0,\n    0.0,\n    0.0,\n    1.0\n);\n\nconst mat4 J20002GAL = mat4(\n    -0.4448296299195045,\n    -0.1980763734646737,\n    -0.873437090247923,\n    0.0,\n\n    0.7469822444763707,\n    0.4559837762325372,\n    -0.4838350155267381,\n    0.0,\n\n    0.4941094279435681,\n    -0.8676661489811610,\n    -0.0548755604024359,\n    0.0,\n\n    0.0,\n    0.0,\n    0.0,\n    1.0\n);\n\nvec3 check_inversed_longitude(vec3 p) {\n    if (inversed_longitude == 1) {\n        return inverseLongitude * p;\n    } else {\n        return p;\n    }\n}\n\nvec2 world2clip_orthographic(vec3 p) {\n    return vec2(p.x, p.y);\n}\n\nvec2 world2clip_aitoff(vec3 p) {\n    float delta = asin(p.y);\n    float theta = atan(p.x, p.z);\n\n    float theta_by_two = theta * 0.5;\n\n    float alpha = acos(cos(delta)*cos(theta_by_two));\n    float inv_sinc_alpha = 1.0;\n    if (alpha > 1e-3) {\n        inv_sinc_alpha = alpha / sin(alpha);\n    }\n\n    // The minus is an astronomical convention.\n    // longitudes are increasing from right to left\n    float x = 2.0 * inv_sinc_alpha * cos(delta) * sin(theta_by_two);\n    float y = inv_sinc_alpha * sin(delta);\n\n    return vec2(x / PI, y / PI);\n}\n\nconst int max_iter = 10;\nvec2 world2clip_mollweide(vec3 p) {\n    // X in [-1, 1]\n    // Y in [-1/2; 1/2] and scaled by the screen width/height ratio\n    float delta = asin(p.y);\n    float theta = atan(p.x, p.z);\n\n    float cst = PI * sin(delta);\n\n    float phi = delta;\n    float f = phi + sin(phi) - cst;\n\n    int k = 0;\n    for (int k = 0; k < max_iter; k++) {\n        phi = phi - f / (1.0 + cos(phi));\n        f = phi + sin(phi) - cst;\n\n        if (abs(f) <= 1e-6) {\n            break;\n        }\n    }\n\n    phi = phi * 0.5;\n\n    // The minus is an astronomical convention.\n    // longitudes are increasing from right to left\n    float x = (theta / PI) * cos(phi);\n    float y = 0.5 * sin(phi);\n\n    return vec2(x, y);\n}\n\nfloat asinh(float x) {\n    return log(x + sqrt(x*x + 1.0));\n}\nvec2 world2clip_mercator(vec3 p) {\n    // X in [-1, 1]\n    // Y in [-1/2; 1/2] and scaled by the screen width/height ratio\n\n    float delta = asin(p.y);\n    float theta = atan(p.x, p.z);\n\n    float x = theta / PI;\n    float y = asinh(tan(delta / PI));\n\n    return vec2(x, y);\n}\n\nfloat arc_sinc(float x) {\n    if (x > 1e-4) {\n        return asin(x) / x;\n    } else {\n        // If a is mall, use Taylor expension of asin(a) / a\n        // a = 1e-4 => a^4 = 1.e-16\n        float x2 = x*x;\n        return 1.0 + x2 * (1.0 + x2 * 9.0 / 20.0) / 6.0;\n    }\n}\n\nvec2 world2clip_arc(vec3 p) {\n    if (p.z > -1.0) {\n        // Distance in the Euclidean plane (xy)\n        // Angular distance is acos(x), but for small separation, asin(r)\n        // is more accurate.\n        float r = length(p.xy);\n        if (p.z > 0.0) { // Angular distance < PI/2, angular distance = asin(r)\n            r = arc_sinc(r);\n        } else { // Angular distance > PI/2, angular distance = acos(x)\n            r = acos(p.z) / r;\n        }\n        float x = p.x * r;\n        float y = p.y * r;\n\n        return vec2(x / PI, y / PI);\n    } else {\n        return vec2(1.0, 0.0);\n    }\n}\n\nvec2 world2clip_gnomonic(vec3 p) {\n    if (p.z <= 1e-2) { // Back hemisphere (x < 0) + diverges near x=0\n        return vec2(1.0, 0.0);\n    } else {\n        return vec2((p.x/p.z) / PI , (p.y/p.z) / PI);\n    }\n}\n\nvoid main() {\n    vec3 p = vec3(inv_model * vec4(center, 1.0));\n    p = check_inversed_longitude(p);\n\n    vec2 center_pos_clip_space = world2clip_aitoff(p);\n\n    vec2 pos_clip_space = center_pos_clip_space;\n    gl_Position = vec4((pos_clip_space / (ndc_to_clip * czf)) + offset * kernel_size , 0.0, 1.0);\n\n    out_uv = uv;\n    out_p = p;\n}"

/***/ }),

/***/ "./src/core/src/shaders/webgl1/catalogs/arc.vert":
/*!*******************************************************!*\
  !*** ./src/core/src/shaders/webgl1/catalogs/arc.vert ***!
  \*******************************************************/
/***/ ((module) => {

module.exports = "precision lowp float;\nattribute vec2 offset;\nattribute vec2 uv;\nattribute vec3 center;\n\nuniform float current_time;\nuniform mat4 inv_model;\n\nuniform vec2 ndc_to_clip;\nuniform float czf;\nuniform vec2 kernel_size;\n\nvarying vec2 out_uv;\nvarying vec3 out_p;\n\nconst float PI = 3.1415926535897932384626433832795;\n\nuniform int inversed_longitude;\n\nconst mat3 inverseLongitude = mat3(\n    -1.0, 0.0, 0.0,\n    0.0, 1.0, 0.0,\n    0.0, 0.0, 1.0\n);\n\nconst mat4 GAL2J2000 = mat4(\n    -0.4448296299195045,\n    0.7469822444763707,\n    0.4941094279435681,\n    0.0,\n\n    -0.1980763734646737,\n    0.4559837762325372,\n    -0.8676661489811610,\n    0.0,\n\n    -0.873437090247923,\n    -0.4838350155267381,\n    -0.0548755604024359,\n    0.0,\n\n    0.0,\n    0.0,\n    0.0,\n    1.0\n);\n\nconst mat4 J20002GAL = mat4(\n    -0.4448296299195045,\n    -0.1980763734646737,\n    -0.873437090247923,\n    0.0,\n\n    0.7469822444763707,\n    0.4559837762325372,\n    -0.4838350155267381,\n    0.0,\n\n    0.4941094279435681,\n    -0.8676661489811610,\n    -0.0548755604024359,\n    0.0,\n\n    0.0,\n    0.0,\n    0.0,\n    1.0\n);\n\nvec3 check_inversed_longitude(vec3 p) {\n    if (inversed_longitude == 1) {\n        return inverseLongitude * p;\n    } else {\n        return p;\n    }\n}\n\nvec2 world2clip_orthographic(vec3 p) {\n    return vec2(p.x, p.y);\n}\n\nvec2 world2clip_aitoff(vec3 p) {\n    float delta = asin(p.y);\n    float theta = atan(p.x, p.z);\n\n    float theta_by_two = theta * 0.5;\n\n    float alpha = acos(cos(delta)*cos(theta_by_two));\n    float inv_sinc_alpha = 1.0;\n    if (alpha > 1e-3) {\n        inv_sinc_alpha = alpha / sin(alpha);\n    }\n\n    // The minus is an astronomical convention.\n    // longitudes are increasing from right to left\n    float x = 2.0 * inv_sinc_alpha * cos(delta) * sin(theta_by_two);\n    float y = inv_sinc_alpha * sin(delta);\n\n    return vec2(x / PI, y / PI);\n}\n\nconst int max_iter = 10;\nvec2 world2clip_mollweide(vec3 p) {\n    // X in [-1, 1]\n    // Y in [-1/2; 1/2] and scaled by the screen width/height ratio\n    float delta = asin(p.y);\n    float theta = atan(p.x, p.z);\n\n    float cst = PI * sin(delta);\n\n    float phi = delta;\n    float f = phi + sin(phi) - cst;\n\n    int k = 0;\n    for (int k = 0; k < max_iter; k++) {\n        phi = phi - f / (1.0 + cos(phi));\n        f = phi + sin(phi) - cst;\n\n        if (abs(f) <= 1e-6) {\n            break;\n        }\n    }\n\n    phi = phi * 0.5;\n\n    // The minus is an astronomical convention.\n    // longitudes are increasing from right to left\n    float x = (theta / PI) * cos(phi);\n    float y = 0.5 * sin(phi);\n\n    return vec2(x, y);\n}\n\nfloat asinh(float x) {\n    return log(x + sqrt(x*x + 1.0));\n}\nvec2 world2clip_mercator(vec3 p) {\n    // X in [-1, 1]\n    // Y in [-1/2; 1/2] and scaled by the screen width/height ratio\n\n    float delta = asin(p.y);\n    float theta = atan(p.x, p.z);\n\n    float x = theta / PI;\n    float y = asinh(tan(delta / PI));\n\n    return vec2(x, y);\n}\n\nfloat arc_sinc(float x) {\n    if (x > 1e-4) {\n        return asin(x) / x;\n    } else {\n        // If a is mall, use Taylor expension of asin(a) / a\n        // a = 1e-4 => a^4 = 1.e-16\n        float x2 = x*x;\n        return 1.0 + x2 * (1.0 + x2 * 9.0 / 20.0) / 6.0;\n    }\n}\n\nvec2 world2clip_arc(vec3 p) {\n    if (p.z > -1.0) {\n        // Distance in the Euclidean plane (xy)\n        // Angular distance is acos(x), but for small separation, asin(r)\n        // is more accurate.\n        float r = length(p.xy);\n        if (p.z > 0.0) { // Angular distance < PI/2, angular distance = asin(r)\n            r = arc_sinc(r);\n        } else { // Angular distance > PI/2, angular distance = acos(x)\n            r = acos(p.z) / r;\n        }\n        float x = p.x * r;\n        float y = p.y * r;\n\n        return vec2(x / PI, y / PI);\n    } else {\n        return vec2(1.0, 0.0);\n    }\n}\n\nvec2 world2clip_gnomonic(vec3 p) {\n    if (p.z <= 1e-2) { // Back hemisphere (x < 0) + diverges near x=0\n        return vec2(1.0, 0.0);\n    } else {\n        return vec2((p.x/p.z) / PI , (p.y/p.z) / PI);\n    }\n}\n\nvoid main() {\n    vec3 p = vec3(inv_model * vec4(center, 1.0));\n    p = check_inversed_longitude(p);\n\n    vec2 center_pos_clip_space = world2clip_arc(p);\n\n    vec2 pos_clip_space = center_pos_clip_space;\n    gl_Position = vec4((pos_clip_space / (ndc_to_clip * czf)) + offset * kernel_size , 0.0, 1.0);\n\n    out_uv = uv;\n    out_p = p;\n}"

/***/ }),

/***/ "./src/core/src/shaders/webgl1/catalogs/catalog.frag":
/*!***********************************************************!*\
  !*** ./src/core/src/shaders/webgl1/catalogs/catalog.frag ***!
  \***********************************************************/
/***/ ((module) => {

module.exports = "precision lowp float;\n\nvarying vec2 out_uv;\nvarying vec3 out_p;\n\nuniform sampler2D kernel_texture;\nuniform float fov;\nuniform float strength;\nvoid main() {\n    vec4 color = texture2D(kernel_texture, out_uv) / max(log2(fov*100.0), 1.0);\n    color.r *= strength;\n\n    gl_FragColor = color;\n}"

/***/ }),

/***/ "./src/core/src/shaders/webgl1/catalogs/mercator.vert":
/*!************************************************************!*\
  !*** ./src/core/src/shaders/webgl1/catalogs/mercator.vert ***!
  \************************************************************/
/***/ ((module) => {

module.exports = "precision lowp float;\n\nattribute vec2 offset;\nattribute in vec2 uv;\nattribute in vec3 center;\n\nuniform float current_time;\nuniform mat4 inv_model;\n\nuniform vec2 ndc_to_clip;\nuniform float czf;\nuniform vec2 kernel_size;\n\nvarying vec2 out_uv;\nvarying vec3 out_p;\n\nconst float PI = 3.1415926535897932384626433832795;\n\nuniform int inversed_longitude;\n\nconst mat3 inverseLongitude = mat3(\n    -1.0, 0.0, 0.0,\n    0.0, 1.0, 0.0,\n    0.0, 0.0, 1.0\n);\n\nconst mat4 GAL2J2000 = mat4(\n    -0.4448296299195045,\n    0.7469822444763707,\n    0.4941094279435681,\n    0.0,\n\n    -0.1980763734646737,\n    0.4559837762325372,\n    -0.8676661489811610,\n    0.0,\n\n    -0.873437090247923,\n    -0.4838350155267381,\n    -0.0548755604024359,\n    0.0,\n\n    0.0,\n    0.0,\n    0.0,\n    1.0\n);\n\nconst mat4 J20002GAL = mat4(\n    -0.4448296299195045,\n    -0.1980763734646737,\n    -0.873437090247923,\n    0.0,\n\n    0.7469822444763707,\n    0.4559837762325372,\n    -0.4838350155267381,\n    0.0,\n\n    0.4941094279435681,\n    -0.8676661489811610,\n    -0.0548755604024359,\n    0.0,\n\n    0.0,\n    0.0,\n    0.0,\n    1.0\n);\n\nvec3 check_inversed_longitude(vec3 p) {\n    if (inversed_longitude == 1) {\n        return inverseLongitude * p;\n    } else {\n        return p;\n    }\n}\n\nvec2 world2clip_orthographic(vec3 p) {\n    return vec2(p.x, p.y);\n}\n\nvec2 world2clip_aitoff(vec3 p) {\n    float delta = asin(p.y);\n    float theta = atan(p.x, p.z);\n\n    float theta_by_two = theta * 0.5;\n\n    float alpha = acos(cos(delta)*cos(theta_by_two));\n    float inv_sinc_alpha = 1.0;\n    if (alpha > 1e-3) {\n        inv_sinc_alpha = alpha / sin(alpha);\n    }\n\n    // The minus is an astronomical convention.\n    // longitudes are increasing from right to left\n    float x = 2.0 * inv_sinc_alpha * cos(delta) * sin(theta_by_two);\n    float y = inv_sinc_alpha * sin(delta);\n\n    return vec2(x / PI, y / PI);\n}\n\nconst int max_iter = 10;\nvec2 world2clip_mollweide(vec3 p) {\n    // X in [-1, 1]\n    // Y in [-1/2; 1/2] and scaled by the screen width/height ratio\n    float delta = asin(p.y);\n    float theta = atan(p.x, p.z);\n\n    float cst = PI * sin(delta);\n\n    float phi = delta;\n    float f = phi + sin(phi) - cst;\n\n    int k = 0;\n    for (int k = 0; k < max_iter; k++) {\n        phi = phi - f / (1.0 + cos(phi));\n        f = phi + sin(phi) - cst;\n\n        if (abs(f) <= 1e-6) {\n            break;\n        }\n    }\n\n    phi = phi * 0.5;\n\n    // The minus is an astronomical convention.\n    // longitudes are increasing from right to left\n    float x = (theta / PI) * cos(phi);\n    float y = 0.5 * sin(phi);\n\n    return vec2(x, y);\n}\n\nfloat asinh(float x) {\n    return log(x + sqrt(x*x + 1.0));\n}\nvec2 world2clip_mercator(vec3 p) {\n    // X in [-1, 1]\n    // Y in [-1/2; 1/2] and scaled by the screen width/height ratio\n\n    float delta = asin(p.y);\n    float theta = atan(p.x, p.z);\n\n    float x = theta / PI;\n    float y = asinh(tan(delta / PI));\n\n    return vec2(x, y);\n}\n\nfloat arc_sinc(float x) {\n    if (x > 1e-4) {\n        return asin(x) / x;\n    } else {\n        // If a is mall, use Taylor expension of asin(a) / a\n        // a = 1e-4 => a^4 = 1.e-16\n        float x2 = x*x;\n        return 1.0 + x2 * (1.0 + x2 * 9.0 / 20.0) / 6.0;\n    }\n}\n\nvec2 world2clip_arc(vec3 p) {\n    if (p.z > -1.0) {\n        // Distance in the Euclidean plane (xy)\n        // Angular distance is acos(x), but for small separation, asin(r)\n        // is more accurate.\n        float r = length(p.xy);\n        if (p.z > 0.0) { // Angular distance < PI/2, angular distance = asin(r)\n            r = arc_sinc(r);\n        } else { // Angular distance > PI/2, angular distance = acos(x)\n            r = acos(p.z) / r;\n        }\n        float x = p.x * r;\n        float y = p.y * r;\n\n        return vec2(x / PI, y / PI);\n    } else {\n        return vec2(1.0, 0.0);\n    }\n}\n\nvec2 world2clip_gnomonic(vec3 p) {\n    if (p.z <= 1e-2) { // Back hemisphere (x < 0) + diverges near x=0\n        return vec2(1.0, 0.0);\n    } else {\n        return vec2((p.x/p.z) / PI , (p.y/p.z) / PI);\n    }\n}\n\nvoid main() {\n    vec3 p = vec3(inv_model * vec4(center, 1.0));\n    p = check_inversed_longitude(p);\n\n    vec2 center_pos_clip_space = world2clip_mercator(p);\n\n    vec2 pos_clip_space = center_pos_clip_space;\n    gl_Position = vec4((pos_clip_space / (ndc_to_clip * czf)) + offset * kernel_size , 0.0, 1.0);\n\n    out_uv = uv;\n    out_p = p;\n}"

/***/ }),

/***/ "./src/core/src/shaders/webgl1/catalogs/mollweide.vert":
/*!*************************************************************!*\
  !*** ./src/core/src/shaders/webgl1/catalogs/mollweide.vert ***!
  \*************************************************************/
/***/ ((module) => {

module.exports = "precision lowp float;\nattribute vec2 offset;\nattribute vec2 uv;\nattribute vec3 center;\n\nuniform float current_time;\nuniform mat4 inv_model;\n\nuniform vec2 ndc_to_clip;\nuniform float czf;\nuniform vec2 kernel_size;\n\nout vec2 out_uv;\nout vec3 out_p;\n\nconst float PI = 3.1415926535897932384626433832795;\n\nuniform int inversed_longitude;\n\nconst mat3 inverseLongitude = mat3(\n    -1.0, 0.0, 0.0,\n    0.0, 1.0, 0.0,\n    0.0, 0.0, 1.0\n);\n\nconst mat4 GAL2J2000 = mat4(\n    -0.4448296299195045,\n    0.7469822444763707,\n    0.4941094279435681,\n    0.0,\n\n    -0.1980763734646737,\n    0.4559837762325372,\n    -0.8676661489811610,\n    0.0,\n\n    -0.873437090247923,\n    -0.4838350155267381,\n    -0.0548755604024359,\n    0.0,\n\n    0.0,\n    0.0,\n    0.0,\n    1.0\n);\n\nconst mat4 J20002GAL = mat4(\n    -0.4448296299195045,\n    -0.1980763734646737,\n    -0.873437090247923,\n    0.0,\n\n    0.7469822444763707,\n    0.4559837762325372,\n    -0.4838350155267381,\n    0.0,\n\n    0.4941094279435681,\n    -0.8676661489811610,\n    -0.0548755604024359,\n    0.0,\n\n    0.0,\n    0.0,\n    0.0,\n    1.0\n);\n\nvec3 check_inversed_longitude(vec3 p) {\n    if (inversed_longitude == 1) {\n        return inverseLongitude * p;\n    } else {\n        return p;\n    }\n}\n\nvec2 world2clip_orthographic(vec3 p) {\n    return vec2(p.x, p.y);\n}\n\nvec2 world2clip_aitoff(vec3 p) {\n    float delta = asin(p.y);\n    float theta = atan(p.x, p.z);\n\n    float theta_by_two = theta * 0.5;\n\n    float alpha = acos(cos(delta)*cos(theta_by_two));\n    float inv_sinc_alpha = 1.0;\n    if (alpha > 1e-3) {\n        inv_sinc_alpha = alpha / sin(alpha);\n    }\n\n    // The minus is an astronomical convention.\n    // longitudes are increasing from right to left\n    float x = 2.0 * inv_sinc_alpha * cos(delta) * sin(theta_by_two);\n    float y = inv_sinc_alpha * sin(delta);\n\n    return vec2(x / PI, y / PI);\n}\n\nconst int max_iter = 10;\nvec2 world2clip_mollweide(vec3 p) {\n    // X in [-1, 1]\n    // Y in [-1/2; 1/2] and scaled by the screen width/height ratio\n    float delta = asin(p.y);\n    float theta = atan(p.x, p.z);\n\n    float cst = PI * sin(delta);\n\n    float phi = delta;\n    float f = phi + sin(phi) - cst;\n\n    int k = 0;\n    for (int k = 0; k < max_iter; k++) {\n        phi = phi - f / (1.0 + cos(phi));\n        f = phi + sin(phi) - cst;\n\n        if (abs(f) <= 1e-6) {\n            break;\n        }\n    }\n\n    phi = phi * 0.5;\n\n    // The minus is an astronomical convention.\n    // longitudes are increasing from right to left\n    float x = (theta / PI) * cos(phi);\n    float y = 0.5 * sin(phi);\n\n    return vec2(x, y);\n}\n\nfloat asinh(float x) {\n    return log(x + sqrt(x*x + 1.0));\n}\nvec2 world2clip_mercator(vec3 p) {\n    // X in [-1, 1]\n    // Y in [-1/2; 1/2] and scaled by the screen width/height ratio\n\n    float delta = asin(p.y);\n    float theta = atan(p.x, p.z);\n\n    float x = theta / PI;\n    float y = asinh(tan(delta / PI));\n\n    return vec2(x, y);\n}\n\nfloat arc_sinc(float x) {\n    if (x > 1e-4) {\n        return asin(x) / x;\n    } else {\n        // If a is mall, use Taylor expension of asin(a) / a\n        // a = 1e-4 => a^4 = 1.e-16\n        float x2 = x*x;\n        return 1.0 + x2 * (1.0 + x2 * 9.0 / 20.0) / 6.0;\n    }\n}\n\nvec2 world2clip_arc(vec3 p) {\n    if (p.z > -1.0) {\n        // Distance in the Euclidean plane (xy)\n        // Angular distance is acos(x), but for small separation, asin(r)\n        // is more accurate.\n        float r = length(p.xy);\n        if (p.z > 0.0) { // Angular distance < PI/2, angular distance = asin(r)\n            r = arc_sinc(r);\n        } else { // Angular distance > PI/2, angular distance = acos(x)\n            r = acos(p.z) / r;\n        }\n        float x = p.x * r;\n        float y = p.y * r;\n\n        return vec2(x / PI, y / PI);\n    } else {\n        return vec2(1.0, 0.0);\n    }\n}\n\nvec2 world2clip_gnomonic(vec3 p) {\n    if (p.z <= 1e-2) { // Back hemisphere (x < 0) + diverges near x=0\n        return vec2(1.0, 0.0);\n    } else {\n        return vec2((p.x/p.z) / PI , (p.y/p.z) / PI);\n    }\n}\n\nvoid main() {\n    vec3 p = vec3(inv_model * vec4(center, 1.0));\n    p = check_inversed_longitude(p);\n\n    vec2 center_pos_clip_space = world2clip_mollweide(p);\n\n    vec2 pos_clip_space = center_pos_clip_space;\n    gl_Position = vec4((pos_clip_space / (ndc_to_clip * czf)) + offset * kernel_size , 0.0, 1.0);\n\n    out_uv = uv;\n    out_p = p;\n}"

/***/ }),

/***/ "./src/core/src/shaders/webgl1/catalogs/ortho.frag":
/*!*********************************************************!*\
  !*** ./src/core/src/shaders/webgl1/catalogs/ortho.frag ***!
  \*********************************************************/
/***/ ((module) => {

module.exports = "precision lowp float;\n\nvarying vec2 out_uv;\nvarying vec3 out_p;\n\nuniform sampler2D kernel_texture;\nuniform float fov;\nuniform float strength;\nvoid main() {\n    if (out_p.z < 0.0) {\n        discard;\n    }\n\n    vec4 color = texture2D(kernel_texture, out_uv).rgba / max(log2(fov*100.0), 1.0);\n    color.r *= strength;\n\n    gl_FragColor = color;\n}"

/***/ }),

/***/ "./src/core/src/shaders/webgl1/catalogs/ortho.vert":
/*!*********************************************************!*\
  !*** ./src/core/src/shaders/webgl1/catalogs/ortho.vert ***!
  \*********************************************************/
/***/ ((module) => {

module.exports = "precision lowp float;\nattribute vec3 center;\nattribute vec2 offset;\nattribute vec2 uv;\n\nuniform float current_time;\nuniform mat4 inv_model;\n\nuniform vec2 ndc_to_clip;\nuniform float czf;\nuniform vec2 kernel_size;\n\nvarying vec2 out_uv;\nvarying vec3 out_p;\n\nconst float PI = 3.1415926535897932384626433832795;\n\nuniform int inversed_longitude;\n\nconst mat3 inverseLongitude = mat3(\n    -1.0, 0.0, 0.0,\n    0.0, 1.0, 0.0,\n    0.0, 0.0, 1.0\n);\n\nconst mat4 GAL2J2000 = mat4(\n    -0.4448296299195045,\n    0.7469822444763707,\n    0.4941094279435681,\n    0.0,\n\n    -0.1980763734646737,\n    0.4559837762325372,\n    -0.8676661489811610,\n    0.0,\n\n    -0.873437090247923,\n    -0.4838350155267381,\n    -0.0548755604024359,\n    0.0,\n\n    0.0,\n    0.0,\n    0.0,\n    1.0\n);\n\nconst mat4 J20002GAL = mat4(\n    -0.4448296299195045,\n    -0.1980763734646737,\n    -0.873437090247923,\n    0.0,\n\n    0.7469822444763707,\n    0.4559837762325372,\n    -0.4838350155267381,\n    0.0,\n\n    0.4941094279435681,\n    -0.8676661489811610,\n    -0.0548755604024359,\n    0.0,\n\n    0.0,\n    0.0,\n    0.0,\n    1.0\n);\n\nvec3 check_inversed_longitude(vec3 p) {\n    if (inversed_longitude == 1) {\n        return inverseLongitude * p;\n    } else {\n        return p;\n    }\n}\n\nvec2 world2clip_orthographic(vec3 p) {\n    return vec2(p.x, p.y);\n}\n\nvec2 world2clip_aitoff(vec3 p) {\n    float delta = asin(p.y);\n    float theta = atan(p.x, p.z);\n\n    float theta_by_two = theta * 0.5;\n\n    float alpha = acos(cos(delta)*cos(theta_by_two));\n    float inv_sinc_alpha = 1.0;\n    if (alpha > 1e-3) {\n        inv_sinc_alpha = alpha / sin(alpha);\n    }\n\n    // The minus is an astronomical convention.\n    // longitudes are increasing from right to left\n    float x = 2.0 * inv_sinc_alpha * cos(delta) * sin(theta_by_two);\n    float y = inv_sinc_alpha * sin(delta);\n\n    return vec2(x / PI, y / PI);\n}\n\nconst int max_iter = 10;\nvec2 world2clip_mollweide(vec3 p) {\n    // X in [-1, 1]\n    // Y in [-1/2; 1/2] and scaled by the screen width/height ratio\n    float delta = asin(p.y);\n    float theta = atan(p.x, p.z);\n\n    float cst = PI * sin(delta);\n\n    float phi = delta;\n    float f = phi + sin(phi) - cst;\n\n    int k = 0;\n    for (int k = 0; k < max_iter; k++) {\n        phi = phi - f / (1.0 + cos(phi));\n        f = phi + sin(phi) - cst;\n\n        if (abs(f) <= 1e-6) {\n            break;\n        }\n    }\n\n    phi = phi * 0.5;\n\n    // The minus is an astronomical convention.\n    // longitudes are increasing from right to left\n    float x = (theta / PI) * cos(phi);\n    float y = 0.5 * sin(phi);\n\n    return vec2(x, y);\n}\n\nfloat asinh(float x) {\n    return log(x + sqrt(x*x + 1.0));\n}\nvec2 world2clip_mercator(vec3 p) {\n    // X in [-1, 1]\n    // Y in [-1/2; 1/2] and scaled by the screen width/height ratio\n\n    float delta = asin(p.y);\n    float theta = atan(p.x, p.z);\n\n    float x = theta / PI;\n    float y = asinh(tan(delta / PI));\n\n    return vec2(x, y);\n}\n\nfloat arc_sinc(float x) {\n    if (x > 1e-4) {\n        return asin(x) / x;\n    } else {\n        // If a is mall, use Taylor expension of asin(a) / a\n        // a = 1e-4 => a^4 = 1.e-16\n        float x2 = x*x;\n        return 1.0 + x2 * (1.0 + x2 * 9.0 / 20.0) / 6.0;\n    }\n}\n\nvec2 world2clip_arc(vec3 p) {\n    if (p.z > -1.0) {\n        // Distance in the Euclidean plane (xy)\n        // Angular distance is acos(x), but for small separation, asin(r)\n        // is more accurate.\n        float r = length(p.xy);\n        if (p.z > 0.0) { // Angular distance < PI/2, angular distance = asin(r)\n            r = arc_sinc(r);\n        } else { // Angular distance > PI/2, angular distance = acos(x)\n            r = acos(p.z) / r;\n        }\n        float x = p.x * r;\n        float y = p.y * r;\n\n        return vec2(x / PI, y / PI);\n    } else {\n        return vec2(1.0, 0.0);\n    }\n}\n\nvec2 world2clip_gnomonic(vec3 p) {\n    if (p.z <= 1e-2) { // Back hemisphere (x < 0) + diverges near x=0\n        return vec2(1.0, 0.0);\n    } else {\n        return vec2((p.x/p.z) / PI , (p.y/p.z) / PI);\n    }\n}\n\nvoid main() {\n    vec3 p = vec3(inv_model * vec4(center, 1.0));\n    p = check_inversed_longitude(p);\n\n    vec2 center_pos_clip_space = world2clip_orthographic(p);\n\n    vec2 pos_clip_space = center_pos_clip_space;\n    gl_Position = vec4((pos_clip_space / (ndc_to_clip * czf)) + offset * kernel_size , 0.0, 1.0);\n\n    out_uv = uv;\n    out_p = p;\n}"

/***/ }),

/***/ "./src/core/src/shaders/webgl1/catalogs/tan.vert":
/*!*******************************************************!*\
  !*** ./src/core/src/shaders/webgl1/catalogs/tan.vert ***!
  \*******************************************************/
/***/ ((module) => {

module.exports = "precision lowp float;\n\nattribute vec2 offset;\nattribute vec2 uv;\nattribute vec3 center;\nattribute vec2 center_lonlat;\n\nuniform float current_time;\nuniform mat4 inv_model;\n\nuniform vec2 ndc_to_clip;\nuniform float czf;\nuniform vec2 kernel_size;\n\nvarying vec2 out_uv;\nvarying vec3 out_p;\n\nconst float PI = 3.1415926535897932384626433832795;\n\nuniform int inversed_longitude;\n\nconst mat3 inverseLongitude = mat3(\n    -1.0, 0.0, 0.0,\n    0.0, 1.0, 0.0,\n    0.0, 0.0, 1.0\n);\n\nconst mat4 GAL2J2000 = mat4(\n    -0.4448296299195045,\n    0.7469822444763707,\n    0.4941094279435681,\n    0.0,\n\n    -0.1980763734646737,\n    0.4559837762325372,\n    -0.8676661489811610,\n    0.0,\n\n    -0.873437090247923,\n    -0.4838350155267381,\n    -0.0548755604024359,\n    0.0,\n\n    0.0,\n    0.0,\n    0.0,\n    1.0\n);\n\nconst mat4 J20002GAL = mat4(\n    -0.4448296299195045,\n    -0.1980763734646737,\n    -0.873437090247923,\n    0.0,\n\n    0.7469822444763707,\n    0.4559837762325372,\n    -0.4838350155267381,\n    0.0,\n\n    0.4941094279435681,\n    -0.8676661489811610,\n    -0.0548755604024359,\n    0.0,\n\n    0.0,\n    0.0,\n    0.0,\n    1.0\n);\n\nvec3 check_inversed_longitude(vec3 p) {\n    if (inversed_longitude == 1) {\n        return inverseLongitude * p;\n    } else {\n        return p;\n    }\n}\n\nvec2 world2clip_orthographic(vec3 p) {\n    return vec2(p.x, p.y);\n}\n\nvec2 world2clip_aitoff(vec3 p) {\n    float delta = asin(p.y);\n    float theta = atan(p.x, p.z);\n\n    float theta_by_two = theta * 0.5;\n\n    float alpha = acos(cos(delta)*cos(theta_by_two));\n    float inv_sinc_alpha = 1.0;\n    if (alpha > 1e-3) {\n        inv_sinc_alpha = alpha / sin(alpha);\n    }\n\n    // The minus is an astronomical convention.\n    // longitudes are increasing from right to left\n    float x = 2.0 * inv_sinc_alpha * cos(delta) * sin(theta_by_two);\n    float y = inv_sinc_alpha * sin(delta);\n\n    return vec2(x / PI, y / PI);\n}\n\nconst int max_iter = 10;\nvec2 world2clip_mollweide(vec3 p) {\n    // X in [-1, 1]\n    // Y in [-1/2; 1/2] and scaled by the screen width/height ratio\n    float delta = asin(p.y);\n    float theta = atan(p.x, p.z);\n\n    float cst = PI * sin(delta);\n\n    float phi = delta;\n    float f = phi + sin(phi) - cst;\n\n    int k = 0;\n    for (int k = 0; k < max_iter; k++) {\n        phi = phi - f / (1.0 + cos(phi));\n        f = phi + sin(phi) - cst;\n\n        if (abs(f) <= 1e-6) {\n            break;\n        }\n    }\n\n    phi = phi * 0.5;\n\n    // The minus is an astronomical convention.\n    // longitudes are increasing from right to left\n    float x = (theta / PI) * cos(phi);\n    float y = 0.5 * sin(phi);\n\n    return vec2(x, y);\n}\n\nfloat asinh(float x) {\n    return log(x + sqrt(x*x + 1.0));\n}\nvec2 world2clip_mercator(vec3 p) {\n    // X in [-1, 1]\n    // Y in [-1/2; 1/2] and scaled by the screen width/height ratio\n\n    float delta = asin(p.y);\n    float theta = atan(p.x, p.z);\n\n    float x = theta / PI;\n    float y = asinh(tan(delta / PI));\n\n    return vec2(x, y);\n}\n\nfloat arc_sinc(float x) {\n    if (x > 1e-4) {\n        return asin(x) / x;\n    } else {\n        // If a is mall, use Taylor expension of asin(a) / a\n        // a = 1e-4 => a^4 = 1.e-16\n        float x2 = x*x;\n        return 1.0 + x2 * (1.0 + x2 * 9.0 / 20.0) / 6.0;\n    }\n}\n\nvec2 world2clip_arc(vec3 p) {\n    if (p.z > -1.0) {\n        // Distance in the Euclidean plane (xy)\n        // Angular distance is acos(x), but for small separation, asin(r)\n        // is more accurate.\n        float r = length(p.xy);\n        if (p.z > 0.0) { // Angular distance < PI/2, angular distance = asin(r)\n            r = arc_sinc(r);\n        } else { // Angular distance > PI/2, angular distance = acos(x)\n            r = acos(p.z) / r;\n        }\n        float x = p.x * r;\n        float y = p.y * r;\n\n        return vec2(x / PI, y / PI);\n    } else {\n        return vec2(1.0, 0.0);\n    }\n}\n\nvec2 world2clip_gnomonic(vec3 p) {\n    if (p.z <= 1e-2) { // Back hemisphere (x < 0) + diverges near x=0\n        return vec2(1.0, 0.0);\n    } else {\n        return vec2((p.x/p.z) / PI , (p.y/p.z) / PI);\n    }\n}\n\nvoid main() {\n    vec3 p = vec3(inv_model * vec4(center, 1.0));\n    p = check_inversed_longitude(p);\n\n    vec2 center_pos_clip_space = world2clip_gnomonic(p);\n\n    vec2 pos_clip_space = center_pos_clip_space;\n    gl_Position = vec4((pos_clip_space / (ndc_to_clip * czf)) + offset * kernel_size , 0.0, 1.0);\n\n    out_uv = uv;\n    out_p = p;\n}"

/***/ }),

/***/ "./src/core/src/shaders/webgl1/colormaps/colormap.frag":
/*!*************************************************************!*\
  !*** ./src/core/src/shaders/webgl1/colormaps/colormap.frag ***!
  \*************************************************************/
/***/ ((module) => {

module.exports = "precision lowp float;\nprecision lowp sampler2D;\n\nvarying vec2 out_uv;\n\nuniform sampler2D texture_fbo;\nuniform float alpha;\n\nuniform sampler2D colormaps;\nuniform float num_colormaps;\nuniform float colormap_id;\n// can be either 0 or 1\nuniform float reversed;\n\nvec4 colormap_f(float x) {\n    x = mix(x, 1.0 - x, reversed);\n    float id = (colormap_id + 0.5) / num_colormaps;\n\n    return texture2D(colormaps, vec2(x, id));\n}\n\n\nvoid main() {\n    float opacity = texture2D(texture_fbo, out_uv).r;\n\n    float o = smoothstep(0.0, 0.1, opacity);\n\n    vec4 color = colormap_f(opacity);\n    color.a = o * alpha;\n\n    gl_FragColor = color;\n}"

/***/ }),

/***/ "./src/core/src/shaders/webgl1/colormaps/colormap.vert":
/*!*************************************************************!*\
  !*** ./src/core/src/shaders/webgl1/colormaps/colormap.vert ***!
  \*************************************************************/
/***/ ((module) => {

module.exports = "precision lowp float;\nprecision lowp sampler2D;\n\nattribute vec2 position;\nattribute vec2 uv;\n\nvarying vec2 out_uv;\n\nvoid main() {\n    gl_Position = vec4(position, 0.0, 1.0);\n    out_uv = uv;\n}"

/***/ }),

/***/ "./src/core/src/shaders/webgl1/grid/aitoff.frag":
/*!******************************************************!*\
  !*** ./src/core/src/shaders/webgl1/grid/aitoff.frag ***!
  \******************************************************/
/***/ ((module) => {

